6208.11 6161.57 6157.48 6152.69 5930.49 5883.8 5836.83 5752.07 5665.47 5657.31 5712.03 5579.86 5816.69 5933.17 5921.1 5896.52 6115.43 6120.63 6326.03 6485.54 6457.33 6255.61 6315.73 6220.81 6025.26 6064.26 6037.13 6064.02 5921.15 5849.77 5881.6 5887.93 5845.05 5838.42 5823.96 5959.68 5721.05 5954.49 5976.29 6131.35 6253.49 6274.42 6193.6 6497.07 6529.32 6524.95 6613.23 6647.04 6468.34 6474.56 6335.07 6446.19 6199.29 6258.74
6121.29 6050.92 6079.11 6026.66 5863.62 5782.64 5696.73 5600.05 5560.17 5551.65 5646.13 5518.96 5744.13 5794.26 5877.06 5814.94 6059.62 5979.07 6280.36 6348.41 6353.16 6190.45 6255.06 6218.03 6042.56 6070.19 6117.51 6199.46 6171.67 6049.1 6115.83 6079.26 5946.71 6008.96 5965.39 6084.55 5825.07 5927.25 5961.01 5998.19 6105.18 6214.58 6165.75 6447.4 6448.5 6404.84 6505.42 6516.26 6402.22 6382.45 6293.67 6375.64 6092.97 6176.61
6131.33 6113.5 6057.2 6025.32 5947.91 5802.45 5685.69 5633.62 5680.31 5702.18 5657.47 5542.49 5745.96 5813.81 5826.92 5816.5 6078.88 5997.87 6250.18 6228.26 6280.48 6207.69 6289.57 6241 6152.73 6236.65 6253.84 6284.83 6277.08 6119.9 6152.54 6053.85 5884.03 5916.13 5911.78 5980.88 5683.45 5684.26 5746.79 5728.68 5893.43 6058.35 6031.1 6272.46 6327.87 6246.3 6334.78 6364.46 6395.44 6364.66 6329.09 6466.48 6239.03 6311.71
5962.5 6049.03 5925.23 5859.31 5787.18 5671.85 5554.73 5507.69 5483.71 5516.92 5488.1 5389.35 5592.35 5750 5809.62 5858.34 6017.75 5926.39 6259.29 6265.94 6295.16 6228.61 6306.05 6264.66 6207.74 6325.5 6278.84 6364.61 6482.4 6337.36 6306.8 6236.38 5998.47 5970.29 5923.19 5934.68 5560.69 5554.31 5662.2 5583.38 5720.55 5952.83 5949.81 6184.33 6310.58 6167.17 6267.51 6314 6375.98 6310.17 6301.45 6369.49 6127.45 6203.36
5976.77 6098.02 6007.09 5914.19 5864.09 5756.18 5608.3 5494.06 5539.84 5571.7 5543.54 5469.16 5531.89 5655.04 5695.75 5765.21 5993.67 5904.48 6213.8 6142.1 6142.52 6082.08 6148.32 6192.94 6158.16 6245.38 6166.27 6266.14 6413.77 6275.12 6290.97 6258.34 6036.06 6019.85 5936.8 5945.81 5602.28 5544.04 5544.86 5485.26 5608.54 5856.4 5777.77 6023.94 6223.72 6137.14 6251.95 6353.73 6542.63 6432.93 6343.2 6487.55 6189.68 6279.32
5913.64 5956.93 5897.56 5775.75 5775.16 5693.5 5586.95 5494.77 5558.53 5635.2 5538.25 5411.58 5481.58 5519.4 5603.76 5700.09 5891.46 5789.83 6087.19 6080.44 6027.05 5982.98 6033.58 6112.39 6203.08 6331.08 6234.45 6261.77 6442.27 6283.46 6271.8 6249.87 6058.7 6158.54 6002.46 5935.41 5571.67 5556.22 5555.2 5477.87 5611.27 5761.73 5727.25 5989.09 6182.43 6129.62 6294.3 6372.52 6476.44 6460.32 6452.08 6476.22 6199.49 6334.16
6028.78 6000.27 5891.74 5662.43 5649.3 5601.28 5492.24 5446.65 5479.47 5555.42 5465.54 5333.09 5440.36 5524.04 5700.13 5764.23 5889.65 5784.68 6070.89 6071.63 5994.73 5999.48 6009.23 6116.52 6220.59 6262.14 6173.5 6210.52 6347.56 6240.52 6223.42 6230.49 6022.29 6146.19 6032.2 5939.57 5657.67 5648.57 5583.44 5544.87 5533.64 5703.98 5726.26 5935.52 6130.48 6001.44 6117.96 6179.94 6287.93 6302.07 6295.42 6425.26 6125.98 6175.71
6207.67 6161.52 6056.13 5792.75 5794.02 5666.87 5523.09 5475.85 5614.77 5664.18 5546.49 5413.63 5477.24 5573.79 5746.6 5803.9 5904.66 5825.73 6021.49 5950 5839.39 5825.03 5792.94 5892.49 6063.15 6024.87 5963.63 6081.44 6182.51 6121.98 6083.22 6136.55 5963.97 6022.52 5933.04 5772.81 5547.09 5473.02 5365.84 5378.65 5450.42 5598.3 5581.86 5707.15 5966.62 5801.04 5872.45 5910.54 6050.65 6083.69 6080.82 6049.49 5813.29 5931.32
6216.16 6181.6 6139.86 5780.43 5778.77 5719.04 5627.13 5595.72 5735.6 5689.79 5567.91 5488.93 5566 5633.39 5894.39 5992.73 6040.12 5849.19 6027.06 5859.13 5791.93 5804.46 5789.51 5863.54 5988.23 5944.23 5806.96 5866.07 6012.55 6004.32 5962.22 6128.41 5928.28 5869.78 5844.07 5742.4 5492.77 5446.52 5392.24 5467.88 5444.29 5574.56 5532.15 5713.94 6050.97 5814.11 5868.22 5908.44 6001.81 6066.24 6061.86 6078.78 5960.12 5951.42
6136.58 5978.82 5973.02 5728.93 5839.93 5852.77 5781.89 5784.64 5952.48 5869.93 5665.06 5649.43 5887.1 5858.07 6017.34 5981.46 6056.07 5909.11 6103.86 5960.1 5874.2 5980.04 5905.78 5924.12 6093.92 6148.29 6119.91 6097.65 6218.04 6202.81 6111.73 6265.23 6045.87 5973.61 5922.31 5808.38 5499.41 5334.61 5346.63 5423.25 5381.91 5528.92 5575.15 5790.44 6149.17 5928.56 6060.29 6111.82 6200.71 6202.82 6224.31 6213.7 6143.67 6162.5
5962.49 5757.11 5850.09 5671.51 5776.42 5752.05 5737.47 5708.27 5899.53 5885.56 5680.83 5713.13 5895.12 5772.26 5896.98 5861.56 5914.5 5795.72 6013.08 5989.65 5894.46 6006.87 5923.95 5935.96 6111.64 6143.67 6108.92 6086.96 6161.11 6155.44 6021.38 6041.58 5815.36 5769.83 5825.01 5715.01 5456.65 5307.15 5302.83 5418.28 5448.58 5509.94 5611.53 5818.39 6189.79 5993.11 6086.95 6121.53 6226 6243.15 6191.24 6052.36 5999.78 6046.46
5983.42 5808.02 5929.55 5834.57 5849.99 5814.92 5811.56 5795.89 5992.82 6021.95 5889.91 5929.73 6010.87 5869.51 5933.06 5909.45 5961.52 5817.15 6073.51 6101.77 5905.01 5976.59 5885.44 5943.39 6112.19 6107.36 6159.97 6083.89 6189.3 6187.51 5969.55 6007.14 5776.3 5681.09 5730.43 5607.91 5367.39 5209.01 5276.97 5382.98 5401.08 5498.74 5621.46 5794.86 6158.51 5986.77 6118.37 6236.33 6330.59 6338.2 6299.94 6091.43 6047.79 6039.7
5854.12 5755.37 5873.33 5832.66 5890.86 5915.44 5888.06 5839.89 6015.77 6051.14 5975.28 5974.68 6021.68 5882.32 5938.42 5894.57 5903.63 5876.84 6056.33 6119.46 5877.46 5885.09 5875.78 5979.84 6206.64 6160.68 6146.4 6116.95 6073.92 6085.65 5978.64 6045.13 5849.65 5718 5721.55 5572.14 5360.71 5224.39 5228.54 5377.18 5401.76 5385.15 5503.97 5716.73 6087.9 5940.65 6037.8 6181.43 6288.57 6272.93 6193.99 6015.99 6007.42 5979.17
5851.88 5752.6 5961.7 5951.88 6065.3 6081.69 6090.25 6006.9 6045.16 5951.35 5893.53 5925.98 5965.1 5776.06 5913.09 5766.41 5739.6 5693.25 5933.91 6135.14 5896.4 5962.19 5968.35 6097.58 6273.87 6161.37 6209.18 6265.18 6234.87 6246.77 6057.61 6179.05 5969.55 5870.68 5876.88 5816.75 5637.47 5566.69 5488.07 5657.16 5567.53 5617.75 5782.49 5953.13 6262.36 6111.79 6236.3 6299.92 6254.07 6275.82 6157.84 6026.87 5923.74 5889.91
6004.65 5947.21 6205.27 6192.99 6307.93 6311.35 6301.49 6208.2 6320.11 6187.36 6151.85 6176.24 6102.1 5875.75 5984.1 5818.98 5790.06 5762.31 5979.03 6131.82 5923.64 5873.65 5923.34 6082.32 6263.97 6162.85 6298.47 6334.13 6267.78 6269.26 6132.07 6341.74 6195.68 6043.04 6050.79 6031.82 5886.16 5765.87 5704.75 5925.85 5817.53 5712.7 5777.8 6022.61 6320.47 6222.35 6273.79 6325.74 6193.6 6269.19 6078.19 5945.27 5960.76 5922.82
5992.87 5945.16 6196.74 6243.79 6283.15 6237.92 6237.2 6171.32 6239.85 6095.49 6014.66 6023.61 6034.93 5831.63 5977.69 5819.42 5703.44 5744.22 5979.39 6253.53 6030.6 5989.41 5990.08 6155.67 6283.32 6183.19 6361.74 6409.22 6290.43 6278.23 6070.37 6323.69 6173.8 6081.41 6104.26 6150.04 6028.36 5939.18 5938.29 6095.05 5950.65 5783.92 5815.17 6020.07 6282.11 6158.04 6106.6 6112.16 5923.94 6030.07 5901.99 5785.57 5916.78 5906.83
5888.3 5851.18 6123.69 6189.77 6166.21 6063.71 6056.21 6001.04 6025.93 5930.75 5891.13 5967.67 6033.93 5848.54 5974.61 5780.65 5723.66 5792.71 6021.86 6305.27 6069.65 6063.8 6102.01 6168.13 6270.82 6140.49 6430.74 6473.26 6323 6232.24 6023.56 6250.37 6129.75 5946.32 6054 6149.4 6123.09 5969.73 6081.44 6229.92 6153.43 6036.31 6062.47 6244.88 6498.5 6432.69 6331.09 6279.47 6138.15 6201.32 6061.91 5971.13 6114.89 6084.78
5865.75 5781.69 6174.34 6250.45 6223.59 6143.18 6187.69 6075.18 5989.22 5863.64 5814.91 5912.72 6009.46 5781.82 5870.51 5771.04 5785.62 5866.22 6158.32 6509.69 6317.57 6304.94 6347.82 6438.27 6545.44 6437.18 6698.4 6759.95 6626.9 6501.14 6256.48 6468.1 6399.8 6217.78 6265.44 6312.04 6235.95 6114.78 6167.74 6226.63 6157.12 6095.37 6107.63 6229.75 6470.34 6425.23 6344.74 6339.05 6190.56 6245.86 6174.22 6035.5 6107.71 6197.26
5856.22 5832.19 6173.36 6247.26 6296.67 6246.8 6306.29 6232.17 6007.58 5825.08 5783.07 5969.12 6009.18 5851.81 5919.18 5806.26 5787.95 5928.25 6219.85 6705.41 6584.96 6609.38 6585.35 6705.93 6710.18 6628.01 6845.08 6888.67 6744.81 6675.68 6345.11 6539.4 6465.53 6301.44 6307.9 6440.81 6443 6331.85 6317.73 6331.59 6143.03 6089.31 6059.02 6154.4 6419.61 6439.3 6353.54 6315.09 6193.5 6277.04 6227.59 6168.39 6217.37 6263.44
6036.27 5856.67 6138.02 6250.81 6240.59 6138.39 6194.15 6128.62 5877.49 5716.28 5673.92 5869.71 5989.37 5882.54 5963.55 5923.47 5958.18 6110.18 6298.21 6885.14 6759.92 6786.57 6757.05 6828.59 6896.44 6801.83 6988.35 7034.1 6905.06 6817.39 6465.22 6483.89 6407.18 6290.16 6256.04 6304.05 6368.62 6277.75 6192.66 6123.35 5984.13 5926.12 5920.56 6054.41 6240.27 6327.14 6229.53 6143.91 6076.82 6224.08 6240.84 6187.43 6197.69 6340.41
6068.14 5991.35 6249.64 6246.93 6241.63 6146.77 6143.69 6033.35 5840.72 5641.32 5724.23 5902.26 5862.17 5822.2 5989.61 6012.17 6081 6232.62 6392.46 6878.61 6839.54 6748.73 6762.83 6888.88 6936.85 6784.26 6894.69 6884.21 6847.34 6668.22 6397.42 6313.49 6322.9 6155.06 6119.2 6119.97 6278.49 6287.02 6167.85 6089.49 6051.31 5879.82 5859.91 5864.24 6052.65 6163.67 6060.96 5962.83 5883.49 6126.66 6087.8 6057.22 6131.5 6234.06
6113.42 6169.46 6320.84 6382.61 6407.24 6269.55 6229.29 6130.25 5952.08 5716.47 5725 5822.68 5712.38 5782.81 5820.52 5874.97 5997.03 6123.31 6273.24 6667.74 6627.5 6572.71 6639.94 6832.98 6856.27 6832.18 6903.2 6896.89 6906.92 6843.19 6657.98 6578.84 6645.18 6485.63 6350.15 6333.57 6452.3 6448.95 6364.7 6238.38 6106.41 5899.48 5854.44 5791.47 5887.5 6013.27 5980.99 5884.32 5801.8 6002.79 5962.41 5997.85 6068.25 6179.98
6141.35 6208.69 6286.61 6387.35 6421.84 6265.03 6205.96 6082.88 5863.7 5594.25 5591.88 5770.16 5684.27 5783.95 5803.18 5845.82 5964.83 6049.45 6208.13 6596.77 6549.57 6457.04 6509.03 6701.43 6664.53 6637.1 6664.61 6741.56 6762.73 6654.36 6514.56 6457 6565.35 6436.27 6330.56 6406.23 6595.93 6584.23 6422.66 6258.71 6062.31 5850.2 5798.04 5715.57 5759.85 5838.17 5777.7 5577.86 5466.06 5589.24 5695.49 5826.12 5826.31 6010.66
6109.02 6185.89 6264.44 6271.05 6347.31 6160.3 6125.58 6064.22 5904.76 5638.68 5569.05 5759.06 5724.47 5882.22 5866.54 5870.54 5962.26 5986.83 6227.58 6515.46 6538.74 6488.36 6421.34 6533.49 6404.27 6421.11 6470.43 6557.17 6654.05 6497.55 6313.16 6233.54 6377.03 6282.24 6156.68 6285.07 6539.5 6609.77 6441.42 6297.78 6147.97 6021.67 5963.35 5900.73 5969.11 6069.53 5987.58 5741.51 5606.36 5768 5837.28 5887.43 5839.56 6101.24
6049 6024.12 6092.78 6048.57 6080.04 5908.85 5823.17 5801.8 5729.4 5528.19 5546.09 5780.29 5789.41 5965.11 5999.15 5986 6045.56 6100.41 6351.89 6511.41 6593.36 6488.58 6402.28 6513.46 6424.31 6409.41 6458.26 6528.61 6627.38 6459.03 6371.74 6253.74 6350.72 6252.89 6140.68 6151.69 6448.98 6483.16 6354.6 6184.88 6012.8 5904.72 5745.61 5789.35 5839.96 5936.24 5852.78 5675.51 5697.56 5875.76 5976.51 6063.34 6013.8 6280.63
6143.75 6068.97 6093.04 5983.52 6015.01 5785.03 5705.77 5652.25 5585.44 5411.93 5402.33 5673.79 5730.72 5781.99 5862.6 5785.75 5946.01 5995.78 6193.99 6284.44 6361.96 6418.51 6271.89 6314.28 6276.56 6203.41 6303.1 6322.85 6386.07 6282.69 6187.81 5996.72 6081.66 6071.61 5988.72 5977.58 6371.42 6439.48 6322.18 6176.72 6055.78 6070.3 6004.62 5899.8 5877.51 6000.79 5984.66 5829.93 5845.29 5947.29 6138.84 6254.07 6079.06 6304.68
6002.62 5920.77 5882.52 5727.63 5769.49 5611.35 5607.3 5629.94 5564.44 5404.32 5483.17 5737.31 5819.73 5942.3 5971.35 5886.37 6000.83 5957.42 6021.65 6122.81 6258.5 6302.82 6216.02 6285.44 6154.22 6107.24 6211.25 6235.37 6336.02 6300.19 6206.39 6011.46 6041.01 5992.17 5854.82 5801.85 6213.03 6251.39 6214.17 6142.21 6008.13 6092.16 6009.36 5977.6 5900.14 6062.47 6194.21 6083.7 6141.33 6152.57 6301.03 6398.56 6095.43 6329.11
6090.41 6078.1 5981.74 5816.78 5906.23 5831.31 5924.69 5932.25 5885.02 5706.64 5771.54 5944.47 5975.36 6071.23 6063.29 5916.86 5961.24 5829.47 5890.7 5947.77 6067.37 6081.48 6005.71 6080.76 5898.54 5878.59 5974.41 6112.32 6248.34 6314.98 6275.22 6084.34 6097.11 6047.12 5925.16 5889.53 6290.47 6296.79 6099.59 6051.76 5815.66 5909.88 5811.73 5705.98 5645.46 5735.26 5921.85 5786.22 5884.56 5963.41 6015.46 6168.36 5819.9 6048.77
6092.27 6077.77 5854.51 5800.85 5875.71 5823.54 5844.23 5922.54 5927.92 5760.77 5819.99 5999.98 6000.63 6177.28 6132.95 5949.08 5939.95 5750.69 5734.89 5703.85 5815.58 5912.41 5829.79 5946.07 5722.73 5643.4 5733.53 5905.61 6038.37 6136.78 6222.62 6035.5 5923.13 5841.69 5694.69 5674.64 6117.75 6102.86 5927.37 5992.71 5823.32 5833.87 5702.75 5670.13 5609.08 5773.65 6039.74 5979.17 6107.59 6163.46 6185.56 6256.53 5944.67 6115.27
6105.71 5987.27 5782.85 5762.22 5819.65 5787.14 5815.62 5798.44 5917.75 5852.4 5925.68 6113.62 6145.04 6324.6 6307.17 6043 6041.97 5785.09 5849.81 5762.21 5829.33 5868.17 5834.29 6013.25 5812.99 5673.47 5755.48 5933.78 6113.03 6192.34 6338.89 6104.57 5951.81 5840.46 5616.27 5588.72 6013.95 6028.98 5842.67 5900.76 5694.72 5699.65 5624.99 5599.22 5500.2 5727.52 5981.32 5950.62 6113.82 6168.97 6230.54 6394.05 6061.78 6282.02
6023.92 5987.91 5717.14 5751.42 5852.17 5868.41 5916.29 5874.81 6015.41 5941.16 6029.41 6220.16 6195.04 6421.25 6339.14 5999.1 5906.84 5716.68 5850.1 5722.28 5797.25 5797.51 5752.19 5960.74 5668.72 5553.78 5660.7 5927.34 5991.63 6077.33 6201.99 6087.78 6039.94 5922.29 5721.67 5782.73 6213.56 6173.72 5997.6 6172.32 5931.29 6020.6 5893.25 5757.37 5691.75 5863.29 6050.26 5979.62 6192.19 6219.54 6135.02 6283.85 5917.45 6164.71
6137.6 5991.44 5720.64 5810.31 5866.81 5866.4 5970.64 5954.6 6041.13 5946.86 5972.72 6126.74 6267.64 6435.81 6324.54 6052.29 5868.72 5709.5 5760.09 5628.75 5647.79 5734.08 5718.15 5843.06 5667.4 5522.72 5660.68 6011.19 5981.49 6136.11 6221.26 6239.32 6161.77 6041.84 5833.49 5895.42 6240.28 6171.24 5977.7 6177.41 5901.7 6097.24 5871.42 5744.29 5682.12 5826.59 5998.12 6017.17 6222.86 6194.64 6122.33 6302.01 5903.35 6187.16
6418.27 6115.56 5930.21 5908.25 5950.28 5960.66 6054.49 5943.69 5951.21 5890.16 5962.41 6129.73 6408.98 6501.95 6496.19 6182.74 6048.17 5893.56 6025.26 5897.57 5890.77 5895.54 5775.36 5846.95 5646.8 5489.2 5629.33 5969.47 5937.45 6009.87 6109.23 6150.28 6043.86 5958.55 5756.24 5903.04 6165.15 6131.45 5950.48 6249.92 5944.05 6174.79 5912.3 5795.48 5740.15 5853.71 5909.51 5936.13 6126.16 6069.02 5926.46 6175.14 5771.37 6138.28
6296.78 6054.63 5983.5 5916.42 5996.44 6111.57 6175.33 6055.07 6159.15 6152.75 6202.94 6269.17 6487.51 6479.74 6444.45 6138.37 5914.17 5824.39 5867.92 5677.07 5674.64 5788.45 5796.43 5901.72 5792.88 5662.34 5771.45 6058 5955.59 6048.88 6154.76 6232.14 6113.03 5987.24 5762.86 5818.06 6110.35 6045.81 5908.8 6214.69 5949.28 6189.17 5963.05 5843.02 5829.08 5973.38 6053.42 6089.5 6346.79 6360.23 6177.4 6425.19 6053.76 6290.65
6307.04 6032.37 5940.06 5884.84 5919.84 6109.16 6167.71 5978.54 6138.48 6169.22 6264.39 6401.35 6529.48 6521.46 6519.33 6217.28 6009.85 6011.41 6054.92 5893.08 5866.42 5975.91 6029.8 6234.3 6144.04 6006.21 6132.43 6389.78 6223.69 6301.33 6368.62 6450.16 6259.23 6099.46 5870.74 5842.53 6038.25 5919.27 5772.41 6088.69 5813.14 5979.89 5697.84 5543.99 5490.51 5652.75 5827.79 5928.97 6199.66 6178.12 6035.51 6314.54 6082.37 6271.15
6328.26 6168.94 6089.49 5970.5 5914.4 6151.38 6250.95 6006.56 6103.48 6062.06 6173.76 6210.64 6242.66 6268.87 6289.19 6096.11 5925.75 5907.44 5929.93 5855.2 5794.5 5888.06 5945.33 6178.31 5990.99 5881.32 5942.19 6147.49 6014.88 6085.92 6130.66 6215.97 6061.65 5945.64 5752.62 5858.73 6005.04 5901.44 5841.53 6171.44 6032.67 6178.21 5964.72 5747.74 5731.06 5856.58 5973.88 6095.45 6326.62 6188.46 6031.51 6222.59 5980.83 6121.24
6197.07 6059.74 5984.93 5900.82 5841.92 6057.93 6148.27 5936.43 5999.75 6026.54 6157.09 6169.17 6207.38 6309.46 6398.15 6264.28 6133.68 6065.37 6043.42 6050.6 5936.52 5916.37 6050.76 6325.98 6108.24 5963.03 5897.72 6098.94 6032.8 6133.42 6149.3 6244.07 6157.28 6047.27 5883.35 6027.13 6148.4 6099.54 5970.09 6278.57 6123.64 6256.69 6073.91 5889.81 5806.87 5829.77 5906.1 6009.12 6308.74 6254.75 6026.15 6141.65 5972.77 6100.71
6204.39 6131.62 6139.46 6044.4 6014.88 6182.68 6218.05 5975.3 6010.71 6026.98 6101.07 6130.97 6121.7 6195.48 6361.2 6249.4 6268.12 6304.47 6294.51 6245.7 6111.77 6137.16 6271.05 6467.64 6282.77 6099.79 6012.55 6135.98 6075.67 6119.25 6206.16 6322.94 6193.42 6099.26 5997.94 6217.31 6287.21 6240.12 6027.04 6256.77 6242.4 6366.98 6185.34 6079.17 5943.81 5944.61 5888.28 5958.71 6211.66 6283.65 6102.13 6108.76 5978.07 6090.45
6072.24 6071.76 6117.48 6038.67 5974.74 6061.15 6038.56 5850.81 5851.4 5854.27 5983.64 6075.38 6064.7 6166.86 6326.42 6270.01 6379.39 6439.25 6460.2 6438.52 6351.72 6428.02 6505.08 6664.8 6552.33 6346.5 6194.2 6277.15 6192.99 6200.93 6215.02 6325.61 6114.75 6113.58 6003.8 6177.11 6237.72 6311.86 6151.03 6335.41 6380.49 6572.58 6414.02 6387.87 6157.31 6204 6074.37 6227.63 6441.08 6407.74 6356.86 6299.32 6168.07 6326.2
6070.81 6194.88 6380.84 6182.67 6122.73 6215.56 6128.57 5946.19 5898.15 5870.78 5978.68 6168.42 6040.45 6064.56 6206.52 6147.19 6264.06 6457.26 6444.59 6523.92 6398.5 6402.12 6408.07 6543.5 6411.85 6320.53 6219.02 6228.75 6103.33 6083.96 6015.49 6170.1 6023.36 6101.52 6102.37 6290.85 6364.98 6336.7 6219.34 6393.08 6410.23 6569.07 6496.98 6500.55 6208.38 6149.81 5965.72 6022.99 6224.03 6183.49 6074.89 6054.98 6052.05 6191.39
6253.03 6458.29 6603.17 6334.49 6200.65 6231.26 6254.82 6133.91 6049.08 5971.98 6040.94 6098.68 5929.06 5931.07 6150.56 6232.21 6421.63 6553.6 6518.31 6549.96 6424.25 6429.88 6503.79 6566.69 6423.94 6398.05 6277.96 6285.04 6193.18 6129.99 6036 6270.13 6216.64 6366.17 6406.81 6554.91 6574.23 6544.91 6510.23 6610.76 6729.13 6950.31 6767.4 6708.76 6400.48 6316.25 6185.31 6212.66 6367.34 6321.7 6199.68 6138.59 6132.03 6238.92
6320.36 6491.25 6732.21 6458.76 6304.87 6294.25 6273.51 6143.8 6058.11 6024.38 6062.99 6056.23 5919.41 5799.94 5927.64 6051.11 6234.48 6313.1 6290.56 6307.63 6167.12 6240.21 6375.93 6379.5 6372.86 6321.9 6220.42 6216.02 6201.76 6080.1 6068.97 6260.86 6095.75 6223.19 6312.47 6323.22 6383.8 6316.43 6292.52 6403.29 6575.13 6690.46 6581.83 6630.68 6316 6204.33 6216.3 6231.96 6282.91 6196.46 6119.74 5973.98 6019.99 6096.51
6342.49 6567.35 6865.41 6589.74 6450.19 6371.5 6313.73 6136.94 6067.32 6003.07 6045.22 5951.87 5729.48 5682.51 5844.86 5906.75 6188.96 6263.57 6320.48 6376.93 6313.79 6379.98 6501.85 6507.2 6396.55 6340.55 6193.2 6164.89 6164.02 6050.75 6036.67 6163.32 5977.9 6122.56 6285.04 6348.03 6464.9 6468.24 6405.19 6522.67 6572.32 6716.25 6680.48 6708.26 6341.35 6247.07 6222.26 6192.98 6194.06 6151.33 6110.76 6004.53 5956.96 6038.6
5893.49 6127.49 6452.49 6250.57 6178.04 6213.71 6205.5 6169.77 6111.8 5994.32 6140.62 6048.05 5750.86 5690.12 5845.78 5819.23 5930.92 6005.12 5956.38 6065.17 6066.18 6158.04 6342.52 6342.42 6320.7 6207.13 6157.9 6182.71 6206.76 6135.45 6116.34 6241.87 6020.33 6205.6 6441.2 6370.86 6564.19 6533.98 6516.05 6564.11 6651.16 6736.37 6762.49 6842.22 6481.44 6425.68 6487.32 6460.13 6441.88 6331.35 6354.11 6199.54 6140.22 6126.05
6021.97 6105.24 6316.74 6208.36 6112.56 6132.3 6128.46 6105.12 6058.65 5982.04 6166.26 6079.31 5871.98 5862.4 5972.06 5927.21 6117.66 6178.01 6140.17 6271.43 6262.22 6211.9 6405.22 6369.28 6354.04 6256.6 6183.99 6202.85 6304.01 6301.73 6197.39 6323.91 6131.92 6266.57 6502.24 6433.51 6550.64 6557.34 6473.76 6524.33 6616.3 6719.14 6678.28 6811.15 6463.18 6358.9 6487.54 6533.6 6520.07 6378.98 6349.91 6131.03 6164.07 6239.55
6048.38 6230.46 6403.91 6338.81 6255.92 6225.25 6259.51 6242.99 6118.46 5980.93 6124.25 5943.25 5767.22 5726.63 5796.85 5753.58 5910.12 5907.7 5842.79 6094.06 6118.29 6092.85 6339.44 6260.92 6221.76 6094.08 6043.66 6100.44 6285.03 6313.62 6162.78 6307.14 6115.82 6226.26 6452.74 6478.54 6681.2 6669.76 6625.42 6610.92 6708.1 6863.25 6825.84 6987.13 6689.12 6624.06 6740.21 6769.06 6800.28 6711.65 6749.89 6568.68 6512.91 6601.86
5924.83 6011.07 6151.19 6196.33 6252.92 6225.18 6194.27 6205.88 6211.61 6224.65 6322.56 6213.92 6119.81 6097.1 6024.3 5899.37 6029.8 6119.5 6038.43 6252.69 6206.19 6163.63 6432.34 6245.71 6221.66 6094.83 6032.78 6113.56 6261.98 6256.94 6071.66 6290.73 6043.04 6040.27 6269.74 6257.83 6539.79 6595.97 6488.27 6429.95 6458.55 6564.13 6491.35 6736.37 6493.35 6523.98 6623.63 6635.13 6582.72 6584.23 6602.29 6504.03 6524.06 6563.07
5811.12 5865.53 6009.22 6114.84 6262.48 6361.57 6294.26 6279.27 6286.84 6248.09 6320.49 6220.85 6144.38 6138.19 5972.24 5845.96 5885.45 6056.85 6071.15 6289.59 6345.46 6326.66 6458.49 6264.21 6251.79 6175.55 6090.2 6157.98 6232.24 6088.27 5858 6015.96 5740.86 5738.91 6044.92 5946.25 6213.54 6286.42 6213.44 6134.4 6236.36 6372.97 6310.64 6626.69 6454.67 6462.18 6596.16 6569.13 6502.65 6456.68 6526.73 6424.19 6406.06 6398.82
5961.88 5950.44 6048.49 6129.81 6318.02 6326.6 6271.37 6233.52 6295.1 6316.3 6368.76 6231.29 6198.78 6214.42 5979.35 5813.65 5813.91 5892.36 5928.11 6143.96 6177.84 6143.41 6316.19 6110.21 6096.25 6072.01 5954.64 6100.15 6219.02 6115.07 5805.47 5954.86 5754.08 5702.94 5938.18 5740.22 6076.97 6185.11 6167.83 6032.3 6056.21 6141.7 6105.59 6314.54 6209.55 6252.93 6458.04 6419.3 6395.58 6253.26 6361.16 6337.75 6370.25 6348.57
5924.33 5843.07 5926.7 6047.01 6266.27 6319.39 6255.66 6119.67 6228.93 6283.57 6219.59 6180.31 6191.51 6199.42 6006.82 5827.97 5797.16 5935.39 5962.65 6093.14 6126.1 6097.66 6234.63 6057.76 5950.08 5910.1 5834.14 5947.96 5999.35 5921.42 5713.75 5798.19 5638.95 5530.11 5745.29 5609.34 5942.39 6047.73 6092.24 5959.44 6022.63 5970.89 5989.4 6190.21 6139.67 6179.63 6383.99 6275.72 6170.51 6017.61 6077.32 6047.09 6152.25 6051.56
6022.52 5817.63 5861.01 6049.66 6243.4 6222.75 6202.06 6024.12 6220.91 6346.65 6256.46 6220.52 6317.74 6321.65 6132.33 5931.54 5971.93 6051.57 6110.51 6130.96 6190.34 6232.83 6339 6125.21 6053.78 5943.19 5864.68 6001.44 6143.66 6070.42 5947.18 5998.93 5764.56 5671.73 5851.16 5689.19 6030.83 6261.19 6285.92 6054.2 6083.91 6077.01 5953.4 6165.43 6130.56 6247.44 6489.54 6353.66 6241.17 6115.91 6235.78 6199.26 6180.42 6164.23
5875.78 5639.47 5705.34 5979.19 6169.19 6259.39 6164.86 6000.43 6119.07 6213.69 6088.87 6175.5 6337.86 6269.29 5964.82 5775.09 5782.56 5922.26 5927.75 6005.9 6150.25 6219.15 6279.44 6046.5 6075.8 6025.82 5880.92 5984.44 6077.35 5945.93 5843.51 5847.7 5605.16 5459.3 5655.03 5491.77 5761.15 6013.74 6039.95 5809.31 5874.9 5792.29 5711.09 6000.57 5996.69 6114.97 6329.74 6239.95 6160.8 6048.76 6181.97 6128.19 6217.58 6204.25
5827.82 5670.2 5672.19 5972.76 6124.29 6192.73 6176.69 6001.46 6175.25 6262.26 6185.58 6363.14 6506.67 6478.36 6206.47 6000.82 6073.7 6219.98 6214.65 6270.59 6374.73 6368.54 6336.31 6101.55 6054.95 6005.4 5869.68 5947.06 5964.27 5925.33 5703.33 5720.09 5525.63 5402.31 5534.45 5443.8 5685.08 5978.9 5921.47 5654.04 5604.49 5616.53 5562.42 5809.48 5805.22 5995.69 6234.21 6193.57 6123.52 6062.58 6161.46 6222.67 6271.32 6196.02
5689.94 5526.94 5478.29 5812.58 6010.41 6167.39 6208.89 6147.31 6285.88 6431.9 6423.44 6650.06 6755.04 6695.59 6399.66 6189.2 6128.81 6307.31 6292.18 6300.99 6347.78 6262.72 6152.12 6049.71 5980.3 5933.72 5829.18 5950.65 5978.11 5901.85 5750.47 5734.94 5601.87 5517.73 5582.71 5478.26 5750.12 5928.1 5919.74 5618.39 5649.3 5593.39 5550.2 5865.32 5895.65 6014.16 6299.86 6236.78 6229.61 6189.45 6251.64 6249.11 6366.56 6347.01
