64
96.933 44.762 33.403 84.931 98.503 1.229 58.377 84.309 83.469 60.652 75.302 52.906 8.189 72.917 0.500 88.058 24.851 59.016 21.061 55.594 13.464 92.547 86.550 59.433 2.149 33.234 97.051 30.974 8.366 92.923 41.714 8.070 83.860 17.966 61.781 42.467 12.321 36.242 12.013 84.724 28.033 60.761 40.521 5.127 68.493 79.964 12.097 84.046 62.616 83.216 44.604 7.968 46.208 59.217 28.519 66.208 93.634 8.032 12.574 88.077 56.283 84.121 6.423 2.382
38.574 44.664 75.077 86.832 16.545 12.296 54.407 36.214 60.765 7.159 87.888 43.924 85.080 78.523 13.408 21.425 38.722 24.435 9.638 87.910 83.589 94.317 66.308 90.180 78.620 29.376 84.997 39.871 51.921 38.976 43.490 7.620 39.169 83.207 33.681 69.772 33.383 66.365 0.324 85.493 91.155 50.558 62.107 72.352 12.377 43.576 48.344 87.259 62.260 64.872 94.925 3.561 46.405 92.578 52.918 57.836 54.177 67.009 8.891 77.433 30.682 29.741 4.622 82.890
85.549 5.808 81.353 98.136 56.928 47.878 56.187 24.704 84.414 28.791 63.500 2.753 67.377 89.880 86.135 40.791 88.265 83.041 28.173 70.464 10.905 28.247 53.710 62.923 52.656 51.116 83.759 37.327 35.229 57.941 59.255 44.762 41.181 42.829 16.107 32.886 48.004 88.016 1.958 24.082 77.763 13.019 45.155 70.038 37.190 41.091 69.611 50.057 28.942 11.357 7.325 93.841 16.902 69.548 90.195 86.900 81.801 48.540 82.903 51.760 6.648 66.303 46.427 72.376
71.185 51.262 54.709 47.148 6.076 62.378 0.598 53.672 76.178 85.037 66.600 34.112 32.743 85.879 92.039 16.062 80.306 8.115 37.425 72.906 92.444 92.941 86.229 27.416 80.633 16.280 6.706 27.301 87.882 41.799 57.552 39.242 79.216 20.184 81.782 89.891 66.502 11.552 30.652 74.677 9.066 46.887 90.143 38.447 76.762 41.464 52.693 72.102 29.652 51.463 77.348 29.709 83.952 43.103 64.283 33.915 79.365 19.278 17.711 81.616 67.197 27.261 32.302 95.566
33.793 59.875 78.621 87.621 50.212 85.626 58.193 48.871 58.201 54.649 88.280 32.125 65.411 83.307 56.209 55.523 30.192 4.301 75.139 4.663 95.410 58.069 11.878 67.611 69.245 61.047 46.338 60.344 37.712 45.728 39.762 32.785 79.133 66.030 20.741 46.254 29.105 99.036 36.535 55.479 53.076 88.231 1.808 6.555 53.895 43.049 5.571 13.320 75.510 72.048 17.030 98.277 27.012 52.150 42.664 16.046 43.427 55.758 60.948 3.499 12.819 83.515 67.799 0.459
5.454 75.732 13.753 6.167 30.776 51.670 48.151 0.577 98.465 94.638 56.217 68.865 50.677 79.950 48.087 28.928 75.029 11.619 74.720 83.264 65.431 7.328 75.595 33.805 46.227 24.326 47.264 67.730 24.005 73.088 91.543 22.843 95.063 7.576 13.380 99.061 3.384 18.414 79.872 16.852 24.676 66.168 42.332 51.093 19.633 61.606 65.412 15.076 97.288 87.168 96.846 24.360 20.214 86.360 81.158 38.545 54.437 4.631 3.642 78.514 55.362 65.304 43.175 59.296
22.220 9.402 35.215 72.347 25.890 98.837 33.286 68.617 3.455 12.735 23.150 0.818 49.352 20.651 8.131 73.113 57.657 21.489 22.321 45.595 37.962 5.197 71.002 20.669 28.591 30.783 69.675 34.657 83.947 42.955 54.647 73.056 20.708 49.684 24.015 81.194 78.911 44.434 67.037 32.952 78.876 0.002 3.974 75.772 83.401 33.081 25.246 96.356 92.266 65.365 30.107 96.493 58.000 98.638 15.961 83.166 86.035 72.706 48.269 51.935 31.328 94.365 37.925 35.401
16.566 1.940 31.277 34.514 47.866 47.747 30.383 40.713 21.960 41.448 52.412 73.697 24.819 70.933 67.243 15.050 16.799 1.429 17.582 92.453 92.019 16.285 31.627 12.170 51.168 11.109 81.216 91.989 80.385 92.758 45.874 78.035 10.380 94.305 12.898 50.743 53.600 91.498 74.044 33.457 98.928 25.249 44.813 77.605 37.414 12.668 0.047 82.848 98.191 33.340 98.202 96.786 28.482 4.285 44.341 76.531 20.346 66.059 75.890 37.087 64.731 86.414 16.668 99.123
48.523 62.779 81.191 99.375 70.037 78.261 15.806 48.261 37.964 60.477 2.077 92.274 49.688 43.850 14.601 7.507 39.390 20.779 26.128 74.550 59.418 14.841 11.068 98.750 65.699 97.000 7.012 1.669 38.515 72.913 44.780 18.798 53.635 50.443 19.149 44.974 36.919 88.422 14.848 68.185 71.187 97.321 0.078 96.050 57.510 49.113 47.069 82.000 45.779 3.354 79.637 94.079 56.864 34.125 56.869 37.385 8.990 26.833 88.529 47.067 1.677 27.669 23.699 22.965
22.414 91.472 83.577 60.019 20.171 95.932 67.721 70.941 57.199 66.556 79.218 9.611 16.351 25.023 11.132 48.792 52.494 97.725 93.255 17.949 79.100 93.583 70.004 47.703 94.750 14.644 44.984 86.206 86.858 3.346 7.770 65.498 86.032 73.075 41.241 46.351 9.412 37.196 58.841 2.687 2.333 88.250 52.152 28.066 40.600 62.012 65.431 6.689 14.084 19.081 15.315 71.390 81.809 98.064 76.881 13.345 94.265 79.539 22.684 78.316 96.097 68.569 83.046 12.968
24.895 35.977 92.693 37.737 33.447 21.207 15.654 28.571 39.518 83.482 67.051 8.487 29.891 5.164 95.147 14.509 52.391 22.049 13.414 8.080 20.600 26.173 92.430 75.390 74.276 99.138 59.664 83.229 24.572 15.947 98.831 57.911 1.265 56.185 75.722 79.423 69.384 74.383 42.299 9.422 75.111 55.104 22.658 61.911 59.741 68.601 52.860 84.609 70.774 82.222 48.811 14.664 44.887 71.137 61.476 32.778 8.020 29.811 73.623 88.270 11.180 88.002 22.140 86.764
86.336 57.667 45.791 47.058 72.427 96.892 36.089 67.576 58.462 50.583 16.175 18.471 53.378 37.648 21.785 27.696 81.563 24.813 51.044 30.224 43.160 38.417 40.451 38.283 61.748 16.977 62.455 1.934 70.062 31.443 49.296 76.784 34.220 29.761 60.715 90.691 70.509 56.703 98.063 95.232 1.448 25.443 19.562 24.364 51.190 62.327 39.475 10.973 95.043 51.376 39.960 69.866 42.867 16.443 16.607 9.613 88.308 12.426 4.163 94.522 75.145 50.338 32.547 23.224
18.605 66.399 65.966 3.913 75.787 75.781 38.705 21.618 36.145 83.113 44.423 76.505 22.324 89.975 16.120 16.188 71.364 53.336 81.609 93.686 20.347 63.042 77.197 45.147 20.368 83.792 97.469 72.046 31.840 20.977 96.740 34.291 25.178 82.546 75.844 67.816 57.667 27.887 52.532 30.794 39.077 41.684 51.509 28.214 50.931 35.681 8.441 10.169 52.546 61.796 97.987 7.003 59.119 41.682 63.095 58.471 34.180 45.961 76.815 56.704 80.822 88.219 63.282 84.652
1.618 6.363 79.903 69.665 50.724 22.896 13.582 67.955 65.933 41.090 44.694 23.172 0.437 54.389 62.945 64.715 62.919 45.473 0.755 63.318 39.099 25.675 73.656 85.774 63.687 87.059 4.711 1.643 78.246 59.090 29.116 79.193 34.159 69.962 70.309 77.749 20.102 63.744 91.814 79.252 15.697 11.156 11.499 2.730 21.571 37.688 37.908 14.981 50.018 40.504 34.923 99.124 39.268 29.067 93.719 9.446 90.254 33.639 78.831 37.805 62.646 24.547 37.128 97.967
99.783 37.821 93.445 17.172 3.697 69.273 70.703 39.672 85.271 69.194 3.081 97.430 52.174 97.639 84.090 21.105 56.444 11.020 93.178 80.658 77.254 53.787 9.282 12.349 73.472 29.076 80.803 5.604 67.205 19.204 36.501 30.167 28.865 29.237 88.864 52.188 46.850 99.745 38.798 60.383 32.893 63.619 96.694 0.074 49.866 46.061 45.458 0.581 10.785 78.827 49.161 69.111 25.081 61.293 99.440 63.851 98.434 67.333 73.114 18.866 13.540 75.391 15.871 50.424
95.161 54.561 43.077 39.560 61.118 18.036 96.619 3.671 53.576 88.444 86.985 15.540 91.652 18.850 57.664 92.676 3.926 64.790 47.922 44.841 60.420 4.490 2.557 8.528 48.445 89.370 46.391 21.636 86.254 83.449 26.137 14.162 9.915 90.904 87.115 66.241 39.912 26.533 30.699 83.857 63.285 85.310 14.305 53.381 5.733 33.364 5.346 66.922 1.164 48.488 55.525 11.089 68.240 80.319 83.052 1.645 83.621 31.975 29.562 22.729 70.752 1.794 1.757 86.715
27.802 89.489 56.629 59.250 52.429 36.773 16.471 47.067 80.496 63.937 66.400 19.403 15.278 15.330 88.621 84.223 57.651 26.522 90.276 64.573 41.801 11.728 63.403 44.265 73.336 32.629 36.618 47.013 27.750 96.144 49.334 48.035 58.611 23.865 37.227 39.715 19.675 17.467 15.693 72.375 42.292 52.957 50.490 38.699 78.016 59.877 87.907 37.707 32.232 61.751 7.737 61.857 63.764 41.935 70.385 20.709 4.535 10.891 30.345 43.714 31.540 81.894 58.125 17.902
62.284 2.051 90.017 54.621 80.609 94.276 65.339 13.608 30.161 35.270 55.808 23.248 45.132 41.387 4.806 48.700 18.358 51.891 73.412 45.762 32.687 37.445 49.771 29.320 46.043 20.667 20.592 21.400 23.905 21.813 21.103 48.663 11.123 20.712 99.258 18.821 96.184 76.153 17.810 19.418 36.068 12.721 15.199 0.837 78.941 40.723 19.052 48.664 81.930 67.518 99.569 31.234 31.994 25.896 5.540 42.160 48.566 42.616 32.704 60.506 37.251 2.663 35.736 77.704
7.708 3.410 86.542 43.135 5.236 28.141 33.603 74.039 32.614 8.042 52.849 76.419 89.952 30.148 72.931 39.841 49.060 20.480 51.868 7.881 54.428 70.602 47.804 48.142 98.582 57.824 52.644 12.255 81.537 30.603 4.712 67.342 81.838 84.961 2.893 92.444 24.289 4.220 39.720 86.905 33.437 96.951 6.561 32.018 91.838 61.222 17.834 81.365 63.817 61.838 56.292 13.686 74.209 22.542 76.310 59.671 51.608 85.974 27.663 34.101 91.724 92.750 51.109 18.120
99.759 60.402 19.954 51.593 36.042 91.726 0.074 13.417 52.675 92.732 6.790 20.326 83.235 97.956 79.478 46.085 73.879 39.215 19.238 52.536 8.669 82.905 99.724 35.881 18.073 27.663 72.807 80.122 73.832 90.198 4.062 61.366 62.382 83.409 1.395 95.713 76.470 72.852 67.206 96.508 39.490 43.906 23.421 91.039 64.888 19.092 38.471 2.997 96.509 56.701 90.205 79.118 92.097 90.962 73.560 61.013 56.586 29.546 5.041 35.481 80.894 10.704 57.371 85.734
68.370 44.141 35.679 91.174 89.379 7.934 68.403 22.055 66.509 23.835 23.657 7.934 67.813 42.630 36.203 80.783 20.799 66.450 67.798 95.828 36.525 85.952 12.654 5.326 77.802 40.175 55.314 82.686 78.201 98.213 76.363 29.491 69.737 9.397 4.744 7.062 28.580 47.817 9.087 3.590 54.214 23.546 9.293 38.493 83.402 29.446 76.751 41.158 8.368 8.154 87.861 37.625 72.456 46.777 99.974 80.076 23.809 73.919 72.734 87.635 11.768 12.851 66.727 31.465
79.637 4.540 45.092 45.703 33.592 29.409 8.820 33.877 64.164 71.541 84.783 93.220 26.992 41.164 13.626 3.950 71.815 28.753 24.382 75.833 81.352 51.420 76.310 53.988 49.116 29.422 48.232 77.070 70.272 78.603 65.021 77.825 18.282 86.008 47.435 17.408 87.020 8.841 67.389 59.001 53.874 38.681 37.954 29.254 83.722 27.802 8.683 93.362 77.506 97.867 86.202 29.713 49.602 52.969 21.074 81.701 4.987 69.001 72.168 85.466 40.475 55.764 46.132 36.701
55.465 21.842 10.038 64.532 11.310 80.704 88.059 39.422 80.813 29.105 24.471 64.238 13.990 56.210 82.028 26.241 41.349 44.284 1.841 58.814 77.860 6.294 52.072 0.905 72.856 56.978 17.989 79.302 12.666 17.111 32.641 47.538 83.936 87.493 81.338 60.661 43.629 58.858 26.995 51.358 98.067 37.688 25.670 37.636 63.138 56.062 38.531 6.155 33.395 22.938 2.554 52.223 51.216 61.905 37.399 46.053 47.587 37.155 12.231 9.621 6.025 43.442 49.973 11.412
14.547 17.548 28.472 2.862 98.919 39.217 59.332 94.556 81.391 67.357 24.010 71.927 64.610 83.323 70.302 31.120 70.744 38.776 16.932 9.752 22.631 75.680 64.744 37.750 94.643 35.143 76.535 51.860 78.448 94.401 16.069 94.728 53.297 95.258 17.936 75.561 71.098 92.406 45.068 77.571 30.356 15.962 97.922 89.118 66.287 67.045 48.342 89.140 34.299 74.782 30.550 65.120 79.306 45.989 62.052 70.505 92.904 5.858 2.790 75.850 54.768 67.809 26.840 99.266
20.358 7.619 95.476 74.648 71.867 48.831 58.540 55.946 57.069 63.695 63.141 83.756 50.649 67.511 69.435 72.894 70.435 80.498 62.386 15.520 84.015 36.056 20.980 98.678 48.130 75.114 10.772 27.759 89.336 72.278 11.874 8.343 88.061 47.036 88.571 73.573 95.968 49.464 81.897 79.919 80.848 82.146 4.090 2.860 0.203 97.108 67.353 41.333 53.234 82.595 16.909 9.223 10.615 95.820 82.484 40.537 76.603 51.408 18.888 94.865 31.722 4.585 65.842 65.198
10.421 32.783 18.586 83.153 84.922 43.574 47.248 29.736 91.815 93.433 41.661 17.793 40.667 82.101 74.495 53.685 39.877 14.977 39.865 75.585 56.175 76.930 15.107 23.887 95.639 26.340 26.321 57.567 89.609 87.246 16.681 17.876 2.995 41.670 46.410 75.331 87.049 57.090 38.314 69.108 30.268 87.448 80.578 34.452 77.391 68.365 92.583 71.882 28.363 14.008 21.802 4.576 15.073 5.271 97.990 65.419 17.862 68.069 88.338 66.980 11.648 64.522 67.064 68.405
77.229 29.558 42.336 84.777 40.580 51.818 90.580 1.706 48.583 11.245 57.827 8.202 87.571 37.140 39.962 14.863 30.937 69.456 2.317 89.028 24.426 42.928 50.161 22.354 46.744 35.981 27.565 76.922 84.902 47.109 57.637 13.504 85.888 39.044 75.984 34.342 98.227 2.740 54.520 3.943 26.125 90.303 42.908 38.319 38.706 71.842 68.820 61.065 89.963 64.027 43.521 23.543 68.138 86.433 59.576 92.875 71.942 38.269 70.602 68.567 74.961 15.434 26.755 66.459
58.265 45.477 88.947 0.411 21.673 7.088 66.942 93.664 46.902 71.250 73.575 2.924 91.409 57.674 26.489 75.553 79.975 19.650 26.031 0.579 40.005 40.170 77.397 78.146 78.313 64.977 99.522 80.884 83.824 99.869 28.830 39.462 91.723 62.191 75.587 66.761 22.995 99.401 66.764 93.450 10.044 17.258 94.245 73.216 56.320 49.449 65.159 73.224 55.411 23.239 35.791 84.981 14.161 25.401 91.871 19.714 15.213 34.075 58.701 59.023 60.786 62.012 9.702 87.954
26.811 28.232 75.382 36.502 92.569 68.309 33.488 91.995 89.741 5.350 26.138 47.797 19.834 24.553 62.945 91.202 7.377 58.428 13.165 48.419 9.492 96.011 17.645 74.292 7.887 65.353 30.205 70.122 29.938 95.756 95.438 62.517 2.784 18.705 41.311 6.761 96.707 67.811 55.731 82.079 24.091 69.728 23.484 10.429 35.742 69.074 85.280 59.208 6.512 60.405 43.180 27.287 46.459 7.430 39.757 63.760 71.647 76.090 70.136 13.330 52.330 25.797 8.561 48.688
90.125 26.503 34.424 41.675 29.208 28.227 82.905 63.757 99.202 4.284 55.056 3.273 53.225 16.915 11.843 11.486 45.410 78.374 15.047 95.762 50.310 82.557 54.260 61.951 98.990 69.575 77.315 20.296 35.870 95.147 87.815 65.462 88.299 42.382 80.299 80.414 5.494 31.050 62.580 22.699 76.384 4.435 1.838 85.542 8.677 53.739 68.177 82.850 19.675 1.532 41.426 52.341 6.421 56.294 50.480 43.692 32.275 89.139 83.661 53.676 97.626 83.673 51.047 46.973
63.270 71.946 68.387 39.847 8.965 79.890 70.911 14.478 79.841 51.277 8.220 86.650 71.717 30.888 72.660 26.341 3.209 65.237 78.803 41.502 92.495 66.568 6.295 91.232 37.402 83.482 87.185 9.075 71.659 48.988 79.180 27.726 89.670 44.491 36.859 57.059 56.203 30.993 88.330 2.887 79.649 16.425 75.899 67.514 24.225 7.317 93.776 82.125 20.566 68.769 97.629 5.805 50.257 13.921 52.586 44.510 39.705 72.346 71.909 55.447 37.353 40.949 48.076 3.742
5.883 83.372 26.582 48.536 93.810 63.926 9.933 23.738 88.986 87.865 53.785 78.274 0.132 98.018 23.487 42.396 39.606 19.284 83.930 82.104 26.177 35.727 12.786 48.040 3.490 59.355 70.153 76.155 21.120 22.695 61.468 55.173 72.634 76.520 22.784 61.248 8.345 66.837 49.447 61.898 64.292 13.444 91.900 49.685 50.902 30.135 91.138 9.048 62.314 0.550 52.387 12.251 37.230 62.086 18.784 62.324 94.928 89.760 37.445 99.409 2.640 43.398 37.476 5.411
7.995 71.885 22.017 59.230 55.147 19.384 47.839 72.200 57.834 77.156 38.406 32.879 20.879 57.055 37.017 6.374 42.981 43.733 21.705 35.654 76.060 85.650 40.379 77.125 46.526 41.010 47.603 6.571 94.010 70.062 17.886 34.789 37.272 49.439 10.373 11.484 55.097 91.469 8.039 38.100 90.737 13.119 36.937 78.701 76.935 82.986 73.734 53.088 82.817 0.889 0.859 61.405 16.921 32.444 18.780 27.450 31.986 30.888 2.617 12.961 90.125 65.612 7.614 76.639
42.524 24.433 67.934 12.460 55.945 64.482 11.136 72.477 25.021 19.903 77.111 60.825 17.211 19.977 71.724 40.686 49.473 29.083 94.613 6.397 1.404 70.657 99.955 62.200 1.717 8.030 5.145 27.378 79.527 9.128 50.704 13.225 29.296 55.124 50.317 33.788 16.492 55.807 50.781 70.085 45.491 33.700 26.489 17.293 10.913 77.758 76.393 60.984 23.562 67.034 67.875 85.451 41.074 82.581 41.151 15.933 47.799 28.787 43.705 38.253 13.153 28.287 35.134 78.594
64.694 48.319 23.670 31.604 96.439 73.509 26.679 46.650 25.851 27.892 2.887 20.325 85.492 27.703 54.247 44.457 54.083 46.109 56.087 19.080 70.689 98.754 56.854 76.583 88.741 1.931 57.714 65.483 96.518 5.193 84.058 88.400 57.083 86.393 96.843 37.918 37.427 57.182 60.581 83.789 38.254 45.568 45.092 89.858 70.776 28.574 53.560 19.374 38.866 64.213 14.498 91.244 8.118 99.512 45.027 70.847 52.929 79.878 90.230 96.966 75.667 88.444 51.296 33.225
64.438 82.651 99.834 63.337 84.958 34.825 82.768 72.053 85.932 13.887 27.257 77.932 81.091 6.561 58.147 27.198 62.843 72.576 84.084 72.086 6.708 37.433 62.965 4.689 33.742 0.130 65.781 15.090 28.134 24.911 64.010 92.362 29.117 20.240 46.008 0.939 71.814 53.877 33.678 83.692 25.893 61.184 76.065 31.704 2.728 32.393 91.261 51.065 68.903 58.644 71.817 76.870 83.076 19.243 38.422 70.070 79.212 97.853 21.931 34.344 98.566 87.885 8.024 96.453
2.883 92.484 53.465 55.407 39.482 7.906 32.325 19.643 30.130 44.568 57.915 3.179 38.048 71.607 57.123 80.082 79.420 76.210 31.083 27.291 95.761 75.866 25.981 92.571 33.586 0.838 6.915 3.929 16.866 89.163 26.569 45.224 61.758 79.571 21.593 39.447 65.869 42.059 22.107 63.908 33.264 93.499 52.545 54.418 60.823 1.725 74.044 20.996 93.418 71.297 3.469 77.074 4.003 50.295 62.787 87.907 99.090 93.756 79.713 41.274 25.852 28.488 11.441 65.403
45.950 99.509 74.474 79.126 2.975 5.887 71.032 35.724 38.366 73.483 97.499 46.464 99.420 59.200 81.905 60.480 82.437 34.826 54.603 60.557 72.716 1.377 36.900 7.499 31.813 16.479 3.096 40.058 47.277 55.314 13.067 31.593 55.359 31.409 10.136 46.444 70.532 92.061 53.021 68.799 88.363 49.788 44.205 6.648 46.458 23.331 70.679 1.340 19.296 86.659 6.353 95.977 12.277 13.738 44.847 28.095 78.291 14.994 51.594 65.506 1.179 33.644 53.860 5.784
73.061 84.400 8.424 75.494 10.142 76.590 11.262 55.005 75.584 48.035 58.051 15.540 3.422 88.461 86.984 86.764 76.781 34.737 39.979 40.485 11.104 31.721 59.761 70.943 72.711 88.029 57.223 20.202 21.878 25.708 60.873 93.274 76.427 85.790 27.257 1.769 40.366 91.271 2.826 63.267 61.484 53.063 22.921 26.468 54.882 16.699 42.343 69.369 68.998 72.471 72.320 52.748 17.001 27.208 44.592 93.037 61.960 86.331 84.918 49.634 80.069 16.613 14.063 32.525
87.820 6.002 72.319 81.724 65.830 82.199 81.550 2.020 14.126 78.386 15.986 4.860 16.446 54.519 90.727 84.131 29.060 10.990 37.130 74.602 96.588 93.809 5.479 73.814 64.759 12.831 31.233 24.184 63.023 63.157 77.006 91.622 49.326 69.217 63.917 3.451 36.058 75.059 56.276 96.071 52.210 4.088 12.203 27.053 9.066 84.183 64.087 28.487 2.944 53.691 20.524 49.784 37.274 3.008 18.401 99.845 74.464 84.757 74.207 9.039 85.088 95.677 10.647 89.143
55.143 84.197 21.612 58.787 7.155 7.537 86.763 47.530 54.398 2.498 47.952 50.731 44.568 59.006 72.286 38.175 44.120 57.939 20.102 42.058 63.498 78.251 45.190 99.933 76.404 54.151 12.779 85.729 84.132 59.972 41.968 40.069 72.555 62.905 26.524 82.397 14.986 54.848 13.058 77.350 19.313 78.704 81.363 63.504 52.768 88.566 75.761 37.473 53.661 68.642 61.088 79.655 27.997 25.710 61.844 31.993 0.276 56.790 87.645 59.869 18.642 88.652 44.233 95.568
98.155 59.732 75.253 11.894 93.457 63.943 57.399 59.418 83.047 62.748 5.675 11.370 59.475 93.148 0.450 94.187 43.633 77.151 69.679 24.689 41.577 27.293 97.032 20.954 70.495 79.069 63.718 80.439 0.735 36.360 6.428 62.847 79.776 51.591 82.936 60.416 82.829 91.398 65.708 0.875 27.512 75.940 81.307 55.345 23.595 54.267 11.159 79.554 63.549 71.146 60.931 59.891 11.304 28.079 43.874 16.812 71.216 79.407 62.463 42.859 51.941 35.108 69.898 1.342
93.194 79.113 59.490 94.927 48.365 50.527 99.103 86.468 69.386 89.567 96.939 9.049 81.316 19.301 55.407 7.737 15.793 13.700 67.645 95.725 74.262 92.190 81.910 54.031 30.278 50.068 84.495 56.951 96.656 10.055 49.255 21.729 24.855 92.314 4.294 75.110 1.235 70.809 27.917 55.241 65.862 24.215 29.591 36.526 72.730 96.524 22.243 37.278 78.858 78.743 15.580 49.024 11.326 10.080 12.464 53.247 45.585 28.438 50.020 87.021 10.595 75.576 69.150 62.602
2.806 11.284 61.926 48.691 9.187 48.900 86.559 8.286 5.370 54.795 69.805 88.241 74.507 51.830 64.479 65.166 42.416 72.994 54.356 37.834 31.649 15.958 34.825 30.014 11.773 75.848 16.757 70.839 35.095 39.551 24.441 99.419 95.741 77.591 54.565 3.795 58.903 7.034 1.928 0.053 66.738 56.017 88.873 96.688 83.022 35.570 96.230 26.048 42.346 1.227 3.274 46.550 96.198 81.171 78.159 64.273 8.803 62.852 42.828 43.079 50.188 67.140 25.096 25.900
68.735 47.183 70.235 82.355 5.274 29.187 61.550 20.335 39.155 47.889 11.789 54.517 18.771 34.153 96.587 64.205 8.972 10.593 98.320 57.685 74.362 76.061 3.440 63.509 49.060 36.915 45.437 78.221 61.016 41.849 77.753 81.866 80.610 57.814 70.203 73.843 62.493 66.903 37.933 35.927 39.625 64.905 23.312 34.623 9.264 14.239 19.883 52.542 24.804 64.580 23.572 6.446 16.355 45.577 18.940 32.224 79.287 37.372 48.665 4.514 50.911 15.231 95.388 5.762
9.121 14.208 70.012 78.553 12.074 19.978 56.485 58.901 90.673 15.526 63.874 80.104 64.248 10.271 10.103 7.747 41.579 20.691 5.325 11.732 74.852 59.664 20.530 89.565 93.753 66.757 58.086 33.100 50.079 41.538 42.674 76.627 21.372 78.556 12.764 71.099 36.900 5.495 61.685 30.748 52.053 7.946 69.932 97.907 98.643 78.810 37.326 34.235 74.125 78.947 98.239 83.839 39.045 61.232 89.875 61.996 45.422 84.028 65.580 15.600 76.068 84.226 34.297 15.786
39.568 9.291 60.138 65.999 97.686 79.536 73.393 83.859 29.182 17.933 24.170 75.046 12.375 1.741 58.008 18.966 98.315 95.749 62.283 83.555 29.610 9.545 66.259 11.844 97.297 59.208 97.299 0.566 6.866 85.017 22.102 1.562 78.346 65.764 22.749 28.949 4.708 81.322 85.625 91.999 57.139 28.742 52.791 86.940 77.343 46.809 94.230 38.706 26.801 89.169 63.951 95.626 81.352 28.848 27.389 42.064 52.662 82.279 78.014 76.420 57.441 4.445 99.663 82.248
33.015 13.400 38.466 56.805 29.765 28.018 55.058 40.949 37.463 53.083 57.508 97.871 41.616 45.654 87.898 22.155 44.564 68.036 24.480 24.097 47.816 93.282 73.195 67.843 84.663 53.670 98.318 73.732 20.683 26.569 3.525 42.814 78.677 48.160 29.737 52.746 96.778 55.675 97.727 10.696 41.699 92.466 7.403 87.181 92.021 85.454 35.977 53.663 23.419 68.158 90.825 77.039 4.099 83.078 43.145 97.004 50.155 23.103 65.708 97.250 69.788 6.974 49.599 49.947
0.271 46.764 97.019 80.748 25.202 62.076 36.074 31.284 30.063 18.509 63.859 73.083 84.546 98.007 49.116 1.313 80.664 54.870 15.346 38.851 73.025 29.576 62.110 21.001 64.459 39.086 34.577 61.798 98.239 43.187 38.485 82.818 26.731 19.745 96.033 56.250 28.069 83.064 50.913 84.116 3.413 69.020 14.094 71.008 26.328 63.177 71.195 80.111 62.536 39.200 81.126 78.537 54.592 63.648 13.997 53.865 44.830 98.340 90.864 3.425 84.357 44.254 35.856 93.842
6.131 35.187 74.580 61.716 16.602 77.059 44.677 76.056 87.312 84.782 10.518 73.160 94.450 35.247 77.201 99.644 12.853 73.523 12.393 21.985 26.373 82.185 0.092 83.920 1.902 75.324 77.595 89.613 27.044 99.131 3.754 35.861 55.776 1.833 21.063 45.465 78.452 38.421 30.980 41.122 52.358 39.954 29.620 85.156 81.559 25.662 99.559 5.038 59.623 89.986 22.244 10.368 90.368 63.627 41.670 14.450 16.463 47.560 8.175 33.055 39.874 4.159 99.999 87.107
85.321 81.666 90.486 83.972 59.405 34.178 28.668 77.972 60.865 93.134 74.517 83.549 51.031 2.181 19.069 15.486 91.595 19.569 76.301 71.604 72.401 20.333 42.528 86.296 89.943 82.163 35.139 25.482 48.978 54.652 73.724 69.440 43.816 33.729 65.299 94.064 86.815 76.310 91.138 38.206 18.175 80.337 83.271 92.909 13.371 45.186 99.886 78.207 86.875 15.338 63.872 78.100 2.699 11.867 68.143 78.488 88.624 90.635 77.571 87.865 33.312 97.849 35.338 22.115
70.706 40.701 62.693 74.118 71.183 46.548 85.456 40.604 5.915 8.158 34.820 31.918 97.158 95.311 67.575 60.975 38.818 47.839 12.315 36.943 38.805 0.635 59.164 31.049 20.916 91.257 29.530 27.087 86.783 37.600 22.047 82.840 56.740 17.566 93.736 1.844 70.703 60.120 32.009 21.532 79.807 16.536 12.518 25.600 56.064 18.435 36.466 55.136 69.704 97.837 58.746 34.287 40.112 64.355 17.551 7.848 73.052 5.799 1.583 35.096 93.137 1.637 51.435 77.320
91.581 1.845 25.916 28.185 88.605 82.698 83.519 17.783 90.719 83.154 98.841 58.774 58.685 41.593 31.073 21.266 25.364 56.193 44.114 1.839 65.529 33.863 58.866 92.664 53.597 48.107 89.638 58.150 59.231 50.176 60.948 79.902 72.492 15.197 50.645 38.477 5.994 93.416 56.807 67.759 38.384 65.217 78.056 65.268 60.411 74.207 45.519 73.427 26.430 68.954 5.621 99.360 73.445 3.759 1.561 71.015 54.388 68.823 6.467 49.459 85.898 19.330 15.786 68.601
97.195 47.557 14.551 68.972 26.231 21.451 1.430 41.481 50.968 0.510 47.733 22.193 76.697 48.117 96.477 99.960 36.279 57.083 34.307 24.073 89.353 43.766 20.258 35.637 52.403 2.696 6.197 77.030 34.392 29.059 41.749 62.485 39.049 25.213 74.828 39.662 51.994 45.613 72.930 34.937 79.825 15.590 34.230 91.340 78.739 33.733 63.250 54.492 98.777 54.341 32.671 4.280 64.581 66.670 73.412 97.774 69.237 71.542 47.901 39.140 49.524 44.326 12.656 20.049
96.024 51.656 13.341 86.234 6.778 63.682 68.570 4.208 7.810 82.837 54.957 30.722 1.375 96.788 78.747 46.824 61.567 67.403 61.770 81.153 97.611 6.730 67.164 8.040 10.730 71.820 77.176 76.147 40.392 69.442 57.543 23.201 95.352 74.092 39.068 18.878 31.489 61.519 84.332 74.385 11.404 90.111 42.192 45.680 79.595 21.689 35.116 35.537 31.186 86.134 82.534 8.838 63.313 87.630 39.957 12.335 61.915 74.991 57.039 1.363 83.263 82.088 79.742 82.668
0.341 73.968 37.626 67.308 48.370 13.210 59.560 16.357 76.827 55.194 61.332 84.930 7.513 44.820 94.452 56.900 31.089 15.417 16.294 34.432 40.761 31.558 65.148 21.242 20.290 36.357 4.226 37.561 38.774 79.830 87.948 73.138 89.385 76.931 4.025 14.834 84.130 63.598 80.715 44.549 31.105 92.941 15.257 19.194 19.187 42.584 46.406 56.043 60.737 42.298 37.394 50.236 47.847 65.937 53.479 81.364 95.141 46.687 96.911 92.909 95.942 66.723 50.364 50.723
56.268 27.770 32.759 15.248 10.728 57.411 50.805 5.422 8.006 77.175 24.265 31.412 44.476 83.259 86.283 9.326 13.848 43.139 82.101 79.632 91.099 92.405 53.767 87.678 23.717 61.281 33.546 97.490 56.373 81.295 39.843 75.763 76.223 3.693 25.976 1.922 19.785 4.960 89.908 3.406 57.376 79.825 12.700 39.546 26.769 54.308 47.450 84.735 10.238 63.343 2.328 39.590 75.548 87.734 86.502 85.805 4.430 76.799 32.449 41.855 40.277 71.273 65.845 2.354
0.462 25.000 16.556 9.295 30.773 82.727 83.830 74.372 38.382 20.877 84.773 4.112 31.651 18.641 92.348 78.883 65.110 79.576 54.645 40.971 7.035 79.151 12.961 47.642 21.046 92.194 66.280 49.061 86.060 81.569 81.884 2.746 11.074 4.809 70.191 3.279 14.397 37.306 59.952 32.274 8.688 27.415 26.568 20.481 92.936 7.501 53.885 65.092 17.497 42.783 77.580 78.210 90.475 73.653 31.928 34.543 47.687 3.393 90.334 19.638 63.048 13.788 44.092 45.118
75.073 63.415 54.867 10.983 98.352 65.599 68.336 61.415 8.151 64.067 24.030 74.080 45.995 37.750 82.652 0.229 94.225 58.455 98.953 54.733 38.866 21.968 93.371 94.042 7.641 9.017 37.162 30.435 32.558 98.445 12.174 18.236 48.310 56.634 54.387 27.730 20.104 72.256 99.034 62.593 34.252 92.536 57.145 7.629 29.724 10.812 80.416 12.258 95.700 12.977 64.672 18.470 30.392 25.722 30.621 70.573 46.635 55.842 67.056 73.184 52.453 59.958 41.664 61.789
29.073 69.211 32.660 29.396 16.117 48.547 92.056 27.228 11.901 77.578 20.548 32.072 92.572 72.636 28.808 36.777 58.624 12.729 58.965 54.130 15.652 84.456 64.803 21.304 81.553 5.627 38.968 99.544 47.602 1.445 52.847 31.430 45.802 51.556 2.617 57.608 36.018 55.755 21.189 59.496 63.598 18.434 4.249 32.374 38.079 31.767 68.862 85.256 97.016 12.201 95.788 1.492 58.624 45.661 29.816 62.201 12.666 26.474 14.529 27.317 9.176 52.087 31.473 18.867
90.965 79.554 61.509 75.191 26.596 21.778 88.638 42.244 76.565 90.577 19.199 34.357 98.563 90.525 65.157 35.858 0.618 75.526 66.111 82.344 5.953 94.211 47.307 84.033 60.468 41.336 85.009 18.784 60.726 42.819 90.521 86.378 37.009 12.121 57.425 33.415 41.921 68.773 50.981 79.490 80.475 94.035 5.011 82.396 56.097 35.999 96.107 93.524 70.194 11.070 27.128 83.327 2.332 50.242 54.574 65.905 64.548 16.493 89.379 71.271 21.112 2.754 48.961 83.575
66.487 53.440 44.338 78.533 8.773 92.792 90.602 90.258 22.988 68.742 6.486 33.297 45.298 41.227 9.892 75.711 76.371 95.009 10.436 2.608 13.378 74.876 57.412 8.090 13.832 84.037 62.456 70.319 70.966 46.488 89.702 36.825 52.466 29.475 87.817 78.567 22.292 70.399 86.652 2.016 30.837 48.760 42.478 48.532 25.411 66.427 12.118 35.918 82.445 11.925 63.566 15.052 13.534 48.523 54.757 91.924 82.542 48.959 68.616 96.653 43.241 80.289 80.511 35.806
33.822 61.615 11.184 86.619 69.140 22.536 78.167 67.585 38.120 7.823 16.331 73.723 54.200 70.519 41.601 37.167 93.294 29.762 94.442 61.533 86.615 73.073 82.140 28.352 28.699 49.371 71.124 88.146 57.892 97.507 6.428 55.556 36.674 38.715 15.139 10.058 38.000 75.563 17.377 85.122 20.137 13.476 33.317 28.077 13.625 12.439 16.581 63.666 1.508 46.423 7.191 69.272 64.130 42.731 19.654 37.601 90.805 35.065 19.219 17.999 7.390 65.066 45.690 39.368
84.728 85.640 31.648 23.255 47.655 7.338 6.824 76.533 70.576 21.626 99.141 46.545 91.834 81.048 72.444 68.862 7.546 93.136 67.652 40.699 72.230 83.222 8.089 94.659 69.026 84.664 3.963 72.551 86.374 26.584 42.463 7.728 43.475 96.776 29.828 56.877 73.728 51.837 81.460 57.580 85.408 14.442 67.273 75.435 74.827 39.589 94.503 25.319 33.916 59.684 75.913 78.422 33.605 61.036 46.308 13.482 66.937 95.371 21.237 77.729 39.939 25.886 63.635 84.519
